11 -50 10 -62 : -62
64 -12 97 -47 : -47
-59 -28 -9 -76 : -76
29 -88 -80 -91 : -91
48 -9 -53 81 : -53
60 -23 36 -86 : -86
17 16 7 -16 : -16
-11 -29 -32 -94 : -94
14 -18 -97 -76 : -97
36 17 42 86 : 17
-42 68 48 37 : -42
-54 -14 77 79 : -54
-73 79 -49 82 : -73
71 -81 58 39 : -81
-29 -67 86 63 : -67
20 94 -9 21 : -9
-99 -22 76 -49 : -99
-66 -44 -45 -40 : -66
98 37 72 -2 : -2
16 -7 81 88 : -7
-26 -86 93 7 : -86
-14 86 -60 -98 : -98
-46 -41 -76 -7 : -76
-76 24 80 -19 : -76
87 -75 -16 21 : -75
1 1 -69 -8 : -69
-74 -12 -60 -57 : -74
-41 9 -43 97 : -43
93 58 68 45 : 45
16 86 59 -65 : -65
4 -44 -89 56 : -89
30 96 -24 75 : -24
21 -35 -96 91 : -96
86 59 -65 -72 : -72
30 35 78 -27 : -27
67 -63 69 -53 : -63
74 79 -12 48 : -12
28 -7 49 8 : -7
34 77 14 -91 : -91
-18 -28 -22 12 : -28
-28 -90 -47 -29 : -90
15 48 61 -44 : -44
4 2 21 79 : 2
-79 -27 67 -74 : -79
-45 84 -29 29 : -45
-51 -69 99 -83 : -83
62 -15 31 68 : -15
44 29 -32 -29 : -32
-82 -92 93 -45 : -92
-77 -32 -43 84 : -77