0 0 0 0 0 0 0 0 0 : 0
0 0 0 0 0 0 0 0 1 : 0
0 0 0 0 0 0 0 1 0 : 1
0 0 0 0 0 0 0 1 1 : 1
0 0 0 0 0 0 1 0 0 : 0
0 0 0 0 0 0 1 0 1 : 0
0 0 0 0 0 0 1 1 0 : 1
0 0 0 0 0 0 1 1 1 : 1
0 0 0 0 0 1 0 0 0 : 0
0 0 0 0 0 1 0 0 1 : 0
0 0 0 0 0 1 0 1 0 : 1
0 0 0 0 0 1 0 1 1 : 1
0 0 0 0 0 1 1 0 0 : 0
0 0 0 0 0 1 1 0 1 : 0
0 0 0 0 0 1 1 1 0 : 1
0 0 0 0 0 1 1 1 1 : 1
0 0 0 0 1 0 0 0 0 : 0
0 0 0 0 1 0 0 0 1 : 0
0 0 0 0 1 0 0 1 0 : 1
0 0 0 0 1 0 0 1 1 : 1
0 0 0 0 1 0 1 0 0 : 0
0 0 0 0 1 0 1 0 1 : 0
0 0 0 0 1 0 1 1 0 : 1
0 0 0 0 1 0 1 1 1 : 1
0 0 0 0 1 1 0 0 0 : 0
0 0 0 0 1 1 0 0 1 : 0
0 0 0 0 1 1 0 1 0 : 1
0 0 0 0 1 1 0 1 1 : 1
0 0 0 0 1 1 1 0 0 : 0
0 0 0 0 1 1 1 0 1 : 0
0 0 0 0 1 1 1 1 0 : 1
0 0 0 0 1 1 1 1 1 : 1
0 0 0 1 0 0 0 0 0 : 0
0 0 0 1 0 0 0 0 1 : 0
0 0 0 1 0 0 0 1 0 : 1
0 0 0 1 0 0 0 1 1 : 1
0 0 0 1 0 0 1 0 0 : 0
0 0 0 1 0 0 1 0 1 : 0
0 0 0 1 0 0 1 1 0 : 1
0 0 0 1 0 0 1 1 1 : 1
0 0 0 1 0 1 0 0 0 : 0
0 0 0 1 0 1 0 0 1 : 0
0 0 0 1 0 1 0 1 0 : 1
0 0 0 1 0 1 0 1 1 : 1
0 0 0 1 0 1 1 0 0 : 0
0 0 0 1 0 1 1 0 1 : 0
0 0 0 1 0 1 1 1 0 : 1
0 0 0 1 0 1 1 1 1 : 1
0 0 0 1 1 0 0 0 0 : 0
0 0 0 1 1 0 0 0 1 : 0
0 0 0 1 1 0 0 1 0 : 1
0 0 0 1 1 0 0 1 1 : 1
0 0 0 1 1 0 1 0 0 : 0
0 0 0 1 1 0 1 0 1 : 0
0 0 0 1 1 0 1 1 0 : 1
0 0 0 1 1 0 1 1 1 : 1
0 0 0 1 1 1 0 0 0 : 0
0 0 0 1 1 1 0 0 1 : 0
0 0 0 1 1 1 0 1 0 : 1
0 0 0 1 1 1 0 1 1 : 1
0 0 0 1 1 1 1 0 0 : 0
0 0 0 1 1 1 1 0 1 : 1
0 0 0 1 1 1 1 1 0 : 1
0 0 0 1 1 1 1 1 1 : 1
0 0 1 0 0 0 0 0 0 : 0
0 0 1 0 0 0 0 0 1 : 0
0 0 1 0 0 0 0 1 0 : 1
0 0 1 0 0 0 0 1 1 : 1
0 0 1 0 0 0 1 0 0 : 0
0 0 1 0 0 0 1 0 1 : 0
0 0 1 0 0 0 1 1 0 : 1
0 0 1 0 0 0 1 1 1 : 1
0 0 1 0 0 1 0 0 0 : 0
0 0 1 0 0 1 0 0 1 : 0
0 0 1 0 0 1 0 1 0 : 1
0 0 1 0 0 1 0 1 1 : 1
0 0 1 0 0 1 1 0 0 : 0
0 0 1 0 0 1 1 0 1 : 0
0 0 1 0 0 1 1 1 0 : 1
0 0 1 0 0 1 1 1 1 : 1
0 0 1 0 1 0 0 0 0 : 0
0 0 1 0 1 0 0 0 1 : 0
0 0 1 0 1 0 0 1 0 : 1
0 0 1 0 1 0 0 1 1 : 1
0 0 1 0 1 0 1 0 0 : 0
0 0 1 0 1 0 1 0 1 : 0
0 0 1 0 1 0 1 1 0 : 1
0 0 1 0 1 0 1 1 1 : 1
0 0 1 0 1 1 0 0 0 : 0
0 0 1 0 1 1 0 0 1 : 0
0 0 1 0 1 1 0 1 0 : 1
0 0 1 0 1 1 0 1 1 : 1
0 0 1 0 1 1 1 0 0 : 0
0 0 1 0 1 1 1 0 1 : 0
0 0 1 0 1 1 1 1 0 : 1
0 0 1 0 1 1 1 1 1 : 1
0 0 1 1 0 0 0 0 0 : 0
0 0 1 1 0 0 0 0 1 : 0
0 0 1 1 0 0 0 1 0 : 1
0 0 1 1 0 0 0 1 1 : 1
0 0 1 1 0 0 1 0 0 : 0
0 0 1 1 0 0 1 0 1 : 0
0 0 1 1 0 0 1 1 0 : 1
0 0 1 1 0 0 1 1 1 : 1
0 0 1 1 0 1 0 0 0 : 0
0 0 1 1 0 1 0 0 1 : 0
0 0 1 1 0 1 0 1 0 : 1
0 0 1 1 0 1 0 1 1 : 1
0 0 1 1 0 1 1 0 0 : 0
0 0 1 1 0 1 1 0 1 : 0
0 0 1 1 0 1 1 1 0 : 1
0 0 1 1 0 1 1 1 1 : 1
0 0 1 1 1 0 0 0 0 : 0
0 0 1 1 1 0 0 0 1 : 0
0 0 1 1 1 0 0 1 0 : 1
0 0 1 1 1 0 0 1 1 : 1
0 0 1 1 1 0 1 0 0 : 0
0 0 1 1 1 0 1 0 1 : 0
0 0 1 1 1 0 1 1 0 : 1
0 0 1 1 1 0 1 1 1 : 1
0 0 1 1 1 1 0 0 0 : 0
0 0 1 1 1 1 0 0 1 : 0
0 0 1 1 1 1 0 1 0 : 1
0 0 1 1 1 1 0 1 1 : 1
0 0 1 1 1 1 1 0 0 : 0
0 0 1 1 1 1 1 0 1 : 1
0 0 1 1 1 1 1 1 0 : 1
0 0 1 1 1 1 1 1 1 : 1
0 1 0 0 0 0 0 0 0 : 0
0 1 0 0 0 0 0 0 1 : 0
0 1 0 0 0 0 0 1 0 : 1
0 1 0 0 0 0 0 1 1 : 1
0 1 0 0 0 0 1 0 0 : 0
0 1 0 0 0 0 1 0 1 : 0
0 1 0 0 0 0 1 1 0 : 1
0 1 0 0 0 0 1 1 1 : 1
0 1 0 0 0 1 0 0 0 : 0
0 1 0 0 0 1 0 0 1 : 0
0 1 0 0 0 1 0 1 0 : 1
0 1 0 0 0 1 0 1 1 : 1
0 1 0 0 0 1 1 0 0 : 0
0 1 0 0 0 1 1 0 1 : 0
0 1 0 0 0 1 1 1 0 : 1
0 1 0 0 0 1 1 1 1 : 1
0 1 0 0 1 0 0 0 0 : 0
0 1 0 0 1 0 0 0 1 : 0
0 1 0 0 1 0 0 1 0 : 1
0 1 0 0 1 0 0 1 1 : 1
0 1 0 0 1 0 1 0 0 : 0
0 1 0 0 1 0 1 0 1 : 0
0 1 0 0 1 0 1 1 0 : 1
0 1 0 0 1 0 1 1 1 : 1
0 1 0 0 1 1 0 0 0 : 0
0 1 0 0 1 1 0 0 1 : 0
0 1 0 0 1 1 0 1 0 : 1
0 1 0 0 1 1 0 1 1 : 1
0 1 0 0 1 1 1 0 0 : 0
0 1 0 0 1 1 1 0 1 : 0
0 1 0 0 1 1 1 1 0 : 1
0 1 0 0 1 1 1 1 1 : 1
0 1 0 1 0 0 0 0 0 : 0
0 1 0 1 0 0 0 0 1 : 0
0 1 0 1 0 0 0 1 0 : 1
0 1 0 1 0 0 0 1 1 : 1
0 1 0 1 0 0 1 0 0 : 0
0 1 0 1 0 0 1 0 1 : 0
0 1 0 1 0 0 1 1 0 : 1
0 1 0 1 0 0 1 1 1 : 1
0 1 0 1 0 1 0 0 0 : 0
0 1 0 1 0 1 0 0 1 : 0
0 1 0 1 0 1 0 1 0 : 1
0 1 0 1 0 1 0 1 1 : 1
0 1 0 1 0 1 1 0 0 : 0
0 1 0 1 0 1 1 0 1 : 0
0 1 0 1 0 1 1 1 0 : 1
0 1 0 1 0 1 1 1 1 : 1
0 1 0 1 1 0 0 0 0 : 0
0 1 0 1 1 0 0 0 1 : 0
0 1 0 1 1 0 0 1 0 : 1
0 1 0 1 1 0 0 1 1 : 1
0 1 0 1 1 0 1 0 0 : 0
0 1 0 1 1 0 1 0 1 : 0
0 1 0 1 1 0 1 1 0 : 1
0 1 0 1 1 0 1 1 1 : 1
0 1 0 1 1 1 0 0 0 : 0
0 1 0 1 1 1 0 0 1 : 0
0 1 0 1 1 1 0 1 0 : 1
0 1 0 1 1 1 0 1 1 : 1
0 1 0 1 1 1 1 0 0 : 0
0 1 0 1 1 1 1 0 1 : 1
0 1 0 1 1 1 1 1 0 : 1
0 1 0 1 1 1 1 1 1 : 1
0 1 1 0 0 0 0 0 0 : 1
0 1 1 0 0 0 0 0 1 : 1
0 1 1 0 0 0 0 1 0 : 1
0 1 1 0 0 0 0 1 1 : 1
0 1 1 0 0 0 1 0 0 : 1
0 1 1 0 0 0 1 0 1 : 1
0 1 1 0 0 0 1 1 0 : 1
0 1 1 0 0 0 1 1 1 : 1
0 1 1 0 0 1 0 0 0 : 1
0 1 1 0 0 1 0 0 1 : 1
0 1 1 0 0 1 0 1 0 : 1
0 1 1 0 0 1 0 1 1 : 1
0 1 1 0 0 1 1 0 0 : 1
0 1 1 0 0 1 1 0 1 : 1
0 1 1 0 0 1 1 1 0 : 1
0 1 1 0 0 1 1 1 1 : 1
0 1 1 0 1 0 0 0 0 : 1
0 1 1 0 1 0 0 0 1 : 1
0 1 1 0 1 0 0 1 0 : 1
0 1 1 0 1 0 0 1 1 : 1
0 1 1 0 1 0 1 0 0 : 1
0 1 1 0 1 0 1 0 1 : 1
0 1 1 0 1 0 1 1 0 : 1
0 1 1 0 1 0 1 1 1 : 1
0 1 1 0 1 1 0 0 0 : 1
0 1 1 0 1 1 0 0 1 : 1
0 1 1 0 1 1 0 1 0 : 1
0 1 1 0 1 1 0 1 1 : 1
0 1 1 0 1 1 1 0 0 : 1
0 1 1 0 1 1 1 0 1 : 1
0 1 1 0 1 1 1 1 0 : 1
0 1 1 0 1 1 1 1 1 : 1
0 1 1 1 0 0 0 0 0 : 1
0 1 1 1 0 0 0 0 1 : 1
0 1 1 1 0 0 0 1 0 : 1
0 1 1 1 0 0 0 1 1 : 1
0 1 1 1 0 0 1 0 0 : 1
0 1 1 1 0 0 1 0 1 : 1
0 1 1 1 0 0 1 1 0 : 1
0 1 1 1 0 0 1 1 1 : 1
0 1 1 1 0 1 0 0 0 : 1
0 1 1 1 0 1 0 0 1 : 1
0 1 1 1 0 1 0 1 0 : 1
0 1 1 1 0 1 0 1 1 : 1
0 1 1 1 0 1 1 0 0 : 1
0 1 1 1 0 1 1 0 1 : 1
0 1 1 1 0 1 1 1 0 : 1
0 1 1 1 0 1 1 1 1 : 1
0 1 1 1 1 0 0 0 0 : 1
0 1 1 1 1 0 0 0 1 : 1
0 1 1 1 1 0 0 1 0 : 1
0 1 1 1 1 0 0 1 1 : 1
0 1 1 1 1 0 1 0 0 : 1
0 1 1 1 1 0 1 0 1 : 1
0 1 1 1 1 0 1 1 0 : 1
0 1 1 1 1 0 1 1 1 : 1
0 1 1 1 1 1 0 0 0 : 1
0 1 1 1 1 1 0 0 1 : 1
0 1 1 1 1 1 0 1 0 : 1
0 1 1 1 1 1 0 1 1 : 1
0 1 1 1 1 1 1 0 0 : 1
0 1 1 1 1 1 1 0 1 : 1
0 1 1 1 1 1 1 1 0 : 1
0 1 1 1 1 1 1 1 1 : 1
1 0 0 0 0 0 0 0 0 : 1
1 0 0 0 0 0 0 0 1 : 1
1 0 0 0 0 0 0 1 0 : 1
1 0 0 0 0 0 0 1 1 : 1
1 0 0 0 0 0 1 0 0 : 1
1 0 0 0 0 0 1 0 1 : 1
1 0 0 0 0 0 1 1 0 : 1
1 0 0 0 0 0 1 1 1 : 1
1 0 0 0 0 1 0 0 0 : 1
1 0 0 0 0 1 0 0 1 : 1
1 0 0 0 0 1 0 1 0 : 1
1 0 0 0 0 1 0 1 1 : 1
1 0 0 0 0 1 1 0 0 : 1
1 0 0 0 0 1 1 0 1 : 1
1 0 0 0 0 1 1 1 0 : 1
1 0 0 0 0 1 1 1 1 : 1
1 0 0 0 1 0 0 0 0 : 1
1 0 0 0 1 0 0 0 1 : 1
1 0 0 0 1 0 0 1 0 : 1
1 0 0 0 1 0 0 1 1 : 1
1 0 0 0 1 0 1 0 0 : 1
1 0 0 0 1 0 1 0 1 : 1
1 0 0 0 1 0 1 1 0 : 1
1 0 0 0 1 0 1 1 1 : 1
1 0 0 0 1 1 0 0 0 : 1
1 0 0 0 1 1 0 0 1 : 1
1 0 0 0 1 1 0 1 0 : 1
1 0 0 0 1 1 0 1 1 : 1
1 0 0 0 1 1 1 0 0 : 1
1 0 0 0 1 1 1 0 1 : 1
1 0 0 0 1 1 1 1 0 : 1
1 0 0 0 1 1 1 1 1 : 1
1 0 0 1 0 0 0 0 0 : 1
1 0 0 1 0 0 0 0 1 : 1
1 0 0 1 0 0 0 1 0 : 1
1 0 0 1 0 0 0 1 1 : 1
1 0 0 1 0 0 1 0 0 : 1
1 0 0 1 0 0 1 0 1 : 1
1 0 0 1 0 0 1 1 0 : 1
1 0 0 1 0 0 1 1 1 : 1
1 0 0 1 0 1 0 0 0 : 1
1 0 0 1 0 1 0 0 1 : 1
1 0 0 1 0 1 0 1 0 : 1
1 0 0 1 0 1 0 1 1 : 1
1 0 0 1 0 1 1 0 0 : 1
1 0 0 1 0 1 1 0 1 : 1
1 0 0 1 0 1 1 1 0 : 1
1 0 0 1 0 1 1 1 1 : 1
1 0 0 1 1 0 0 0 0 : 1
1 0 0 1 1 0 0 0 1 : 1
1 0 0 1 1 0 0 1 0 : 1
1 0 0 1 1 0 0 1 1 : 1
1 0 0 1 1 0 1 0 0 : 1
1 0 0 1 1 0 1 0 1 : 1
1 0 0 1 1 0 1 1 0 : 1
1 0 0 1 1 0 1 1 1 : 1
1 0 0 1 1 1 0 0 0 : 1
1 0 0 1 1 1 0 0 1 : 1
1 0 0 1 1 1 0 1 0 : 1
1 0 0 1 1 1 0 1 1 : 1
1 0 0 1 1 1 1 0 0 : 1
1 0 0 1 1 1 1 0 1 : 1
1 0 0 1 1 1 1 1 0 : 1
1 0 0 1 1 1 1 1 1 : 1
1 0 1 0 0 0 0 0 0 : 1
1 0 1 0 0 0 0 0 1 : 1
1 0 1 0 0 0 0 1 0 : 1
1 0 1 0 0 0 0 1 1 : 1
1 0 1 0 0 0 1 0 0 : 1
1 0 1 0 0 0 1 0 1 : 1
1 0 1 0 0 0 1 1 0 : 1
1 0 1 0 0 0 1 1 1 : 1
1 0 1 0 0 1 0 0 0 : 1
1 0 1 0 0 1 0 0 1 : 1
1 0 1 0 0 1 0 1 0 : 1
1 0 1 0 0 1 0 1 1 : 1
1 0 1 0 0 1 1 0 0 : 1
1 0 1 0 0 1 1 0 1 : 1
1 0 1 0 0 1 1 1 0 : 1
1 0 1 0 0 1 1 1 1 : 1
1 0 1 0 1 0 0 0 0 : 1
1 0 1 0 1 0 0 0 1 : 1
1 0 1 0 1 0 0 1 0 : 1
1 0 1 0 1 0 0 1 1 : 1
1 0 1 0 1 0 1 0 0 : 1
1 0 1 0 1 0 1 0 1 : 1
1 0 1 0 1 0 1 1 0 : 1
1 0 1 0 1 0 1 1 1 : 1
1 0 1 0 1 1 0 0 0 : 1
1 0 1 0 1 1 0 0 1 : 1
1 0 1 0 1 1 0 1 0 : 1
1 0 1 0 1 1 0 1 1 : 1
1 0 1 0 1 1 1 0 0 : 1
1 0 1 0 1 1 1 0 1 : 1
1 0 1 0 1 1 1 1 0 : 1
1 0 1 0 1 1 1 1 1 : 1
1 0 1 1 0 0 0 0 0 : 1
1 0 1 1 0 0 0 0 1 : 1
1 0 1 1 0 0 0 1 0 : 1
1 0 1 1 0 0 0 1 1 : 1
1 0 1 1 0 0 1 0 0 : 1
1 0 1 1 0 0 1 0 1 : 1
1 0 1 1 0 0 1 1 0 : 1
1 0 1 1 0 0 1 1 1 : 1
1 0 1 1 0 1 0 0 0 : 1
1 0 1 1 0 1 0 0 1 : 1
1 0 1 1 0 1 0 1 0 : 1
1 0 1 1 0 1 0 1 1 : 1
1 0 1 1 0 1 1 0 0 : 1
1 0 1 1 0 1 1 0 1 : 1
1 0 1 1 0 1 1 1 0 : 1
1 0 1 1 0 1 1 1 1 : 1
1 0 1 1 1 0 0 0 0 : 1
1 0 1 1 1 0 0 0 1 : 1
1 0 1 1 1 0 0 1 0 : 1
1 0 1 1 1 0 0 1 1 : 1
1 0 1 1 1 0 1 0 0 : 1
1 0 1 1 1 0 1 0 1 : 1
1 0 1 1 1 0 1 1 0 : 1
1 0 1 1 1 0 1 1 1 : 1
1 0 1 1 1 1 0 0 0 : 1
1 0 1 1 1 1 0 0 1 : 1
1 0 1 1 1 1 0 1 0 : 1
1 0 1 1 1 1 0 1 1 : 1
1 0 1 1 1 1 1 0 0 : 1
1 0 1 1 1 1 1 0 1 : 1
1 0 1 1 1 1 1 1 0 : 1
1 0 1 1 1 1 1 1 1 : 1
1 1 0 0 0 0 0 0 0 : 1
1 1 0 0 0 0 0 0 1 : 1
1 1 0 0 0 0 0 1 0 : 1
1 1 0 0 0 0 0 1 1 : 1
1 1 0 0 0 0 1 0 0 : 1
1 1 0 0 0 0 1 0 1 : 1
1 1 0 0 0 0 1 1 0 : 1
1 1 0 0 0 0 1 1 1 : 1
1 1 0 0 0 1 0 0 0 : 1
1 1 0 0 0 1 0 0 1 : 1
1 1 0 0 0 1 0 1 0 : 1
1 1 0 0 0 1 0 1 1 : 1
1 1 0 0 0 1 1 0 0 : 1
1 1 0 0 0 1 1 0 1 : 1
1 1 0 0 0 1 1 1 0 : 1
1 1 0 0 0 1 1 1 1 : 1
1 1 0 0 1 0 0 0 0 : 1
1 1 0 0 1 0 0 0 1 : 1
1 1 0 0 1 0 0 1 0 : 1
1 1 0 0 1 0 0 1 1 : 1
1 1 0 0 1 0 1 0 0 : 1
1 1 0 0 1 0 1 0 1 : 1
1 1 0 0 1 0 1 1 0 : 1
1 1 0 0 1 0 1 1 1 : 1
1 1 0 0 1 1 0 0 0 : 1
1 1 0 0 1 1 0 0 1 : 1
1 1 0 0 1 1 0 1 0 : 1
1 1 0 0 1 1 0 1 1 : 1
1 1 0 0 1 1 1 0 0 : 1
1 1 0 0 1 1 1 0 1 : 1
1 1 0 0 1 1 1 1 0 : 1
1 1 0 0 1 1 1 1 1 : 1
1 1 0 1 0 0 0 0 0 : 1
1 1 0 1 0 0 0 0 1 : 1
1 1 0 1 0 0 0 1 0 : 1
1 1 0 1 0 0 0 1 1 : 1
1 1 0 1 0 0 1 0 0 : 1
1 1 0 1 0 0 1 0 1 : 1
1 1 0 1 0 0 1 1 0 : 1
1 1 0 1 0 0 1 1 1 : 1
1 1 0 1 0 1 0 0 0 : 1
1 1 0 1 0 1 0 0 1 : 1
1 1 0 1 0 1 0 1 0 : 1
1 1 0 1 0 1 0 1 1 : 1
1 1 0 1 0 1 1 0 0 : 1
1 1 0 1 0 1 1 0 1 : 1
1 1 0 1 0 1 1 1 0 : 1
1 1 0 1 0 1 1 1 1 : 1
1 1 0 1 1 0 0 0 0 : 1
1 1 0 1 1 0 0 0 1 : 1
1 1 0 1 1 0 0 1 0 : 1
1 1 0 1 1 0 0 1 1 : 1
1 1 0 1 1 0 1 0 0 : 1
1 1 0 1 1 0 1 0 1 : 1
1 1 0 1 1 0 1 1 0 : 1
1 1 0 1 1 0 1 1 1 : 1
1 1 0 1 1 1 0 0 0 : 1
1 1 0 1 1 1 0 0 1 : 1
1 1 0 1 1 1 0 1 0 : 1
1 1 0 1 1 1 0 1 1 : 1
1 1 0 1 1 1 1 0 0 : 1
1 1 0 1 1 1 1 0 1 : 1
1 1 0 1 1 1 1 1 0 : 1
1 1 0 1 1 1 1 1 1 : 1
1 1 1 0 0 0 0 0 0 : 1
1 1 1 0 0 0 0 0 1 : 1
1 1 1 0 0 0 0 1 0 : 1
1 1 1 0 0 0 0 1 1 : 1
1 1 1 0 0 0 1 0 0 : 1
1 1 1 0 0 0 1 0 1 : 1
1 1 1 0 0 0 1 1 0 : 1
1 1 1 0 0 0 1 1 1 : 1
1 1 1 0 0 1 0 0 0 : 1
1 1 1 0 0 1 0 0 1 : 1
1 1 1 0 0 1 0 1 0 : 1
1 1 1 0 0 1 0 1 1 : 1
1 1 1 0 0 1 1 0 0 : 1
1 1 1 0 0 1 1 0 1 : 1
1 1 1 0 0 1 1 1 0 : 1
1 1 1 0 0 1 1 1 1 : 1
1 1 1 0 1 0 0 0 0 : 1
1 1 1 0 1 0 0 0 1 : 1
1 1 1 0 1 0 0 1 0 : 1
1 1 1 0 1 0 0 1 1 : 1
1 1 1 0 1 0 1 0 0 : 1
1 1 1 0 1 0 1 0 1 : 1
1 1 1 0 1 0 1 1 0 : 1
1 1 1 0 1 0 1 1 1 : 1
1 1 1 0 1 1 0 0 0 : 1
1 1 1 0 1 1 0 0 1 : 1
1 1 1 0 1 1 0 1 0 : 1
1 1 1 0 1 1 0 1 1 : 1
1 1 1 0 1 1 1 0 0 : 1
1 1 1 0 1 1 1 0 1 : 1
1 1 1 0 1 1 1 1 0 : 1
1 1 1 0 1 1 1 1 1 : 1
1 1 1 1 0 0 0 0 0 : 1
1 1 1 1 0 0 0 0 1 : 1
1 1 1 1 0 0 0 1 0 : 1
1 1 1 1 0 0 0 1 1 : 1
1 1 1 1 0 0 1 0 0 : 1
1 1 1 1 0 0 1 0 1 : 1
1 1 1 1 0 0 1 1 0 : 1
1 1 1 1 0 0 1 1 1 : 1
1 1 1 1 0 1 0 0 0 : 1
1 1 1 1 0 1 0 0 1 : 1
1 1 1 1 0 1 0 1 0 : 1
1 1 1 1 0 1 0 1 1 : 1
1 1 1 1 0 1 1 0 0 : 1
1 1 1 1 0 1 1 0 1 : 1
1 1 1 1 0 1 1 1 0 : 1
1 1 1 1 0 1 1 1 1 : 1
1 1 1 1 1 0 0 0 0 : 1
1 1 1 1 1 0 0 0 1 : 1
1 1 1 1 1 0 0 1 0 : 1
1 1 1 1 1 0 0 1 1 : 1
1 1 1 1 1 0 1 0 0 : 1
1 1 1 1 1 0 1 0 1 : 1
1 1 1 1 1 0 1 1 0 : 1
1 1 1 1 1 0 1 1 1 : 1
1 1 1 1 1 1 0 0 0 : 1
1 1 1 1 1 1 0 0 1 : 1
1 1 1 1 1 1 0 1 0 : 1
1 1 1 1 1 1 0 1 1 : 1
1 1 1 1 1 1 1 0 0 : 1
1 1 1 1 1 1 1 0 1 : 1
111111110 : 1
111111111 : 1