-23 27 -46 10 -60 17 : -12
-1 -72 85 -57 7 -25 : -10
56 10 -79 53 -52 50 : 6
-88 1 31 -85 -52 43 : -25
50 15 89 -36 26 -48 : 16
13 -47 35 -43 21 -2 : -4
-84 14 -15 -50 99 18 : -3
58 88 26 -12 -91 1 : 12
-42 80 8 45 -10 88 : 28
-45 74 88 71 48 72 : 51
-99 -40 29 -80 11 95 : -14
-33 -72 90 -8 68 46 : 15
-28 -96 41 -23 -38 -26 : -28
98 -56 3 -22 96 -58 : 10
-45 46 88 26 -68 60 : 18
-59 61 -66 45 -50 -40 : -18
-85 18 35 34 10 70 : 14
31 -14 -29 65 -80 -10 : -6
-64 -60 56 37 -93 -18 : -24
-60 45 38 95 -27 -40 : 8
42 87 93 24 9 -40 : 36
-53 -40 7 -56 -70 6 : -34
80 24 22 -25 -95 95 : 17
52 70 77 70 -26 74 : 53
-45 92 -41 62 18 -81 : 1
10 -35 10 49 -18 -45 : -5
-46 -10 32 89 -48 30 : 8
-71 6 82 -84 93 -79 : -9
-57 -27 4 3 -36 -65 : -30
-93 5 -79 62 -98 -30 : -39
-54 71 48 96 -3 16 : 29
21 27 -29 2 59 87 : 28
34 57 -29 -47 -93 -6 : -14
67 -50 86 72 70 -10 : 39
68 -41 76 -46 52 16 : 21
-47 -33 10 -81 -65 -56 : -45
99 25 -66 90 -95 -46 : 1
62 78 61 -15 34 59 : 46
-55 52 94 -82 86 9 : 17
-77 -14 54 -19 -3 35 : -4
29 -86 28 92 -79 84 : 11
19 -62 -73 -8 4 -65 : -31
62 -60 20 -19 65 -24 : 7
25 95 -95 86 74 75 : 43
55 28 -19 -38 -78 -71 : -20
-15 35 92 -46 -50 59 : 12
-61 67 -51 -56 8 -82 : -29
-81 74 -97 -62 -35 51 : -25
96 -66 -68 7 96 -83 : -3
-99 64 69 -22 -69 42 : -2