-891 719 419 559 -428 : 1 any
220 640 -5 14 -541 : 1 any
-158 531 609 899 -494 : 1 any
-469 80 882 847 -613 : 1 any
-280 -477 -254 -944 -270 : 1 any
254 -463 -535 55 106 : 1 any
-61 -954 -349 -450 -729 : 1 any
-230 -567 12 -397 786 : 1 any
489 -361 -379 314 -634 : 1 any
-146 -76 560 -275 -296 : 1 any
-784 80 -762 -742 -244 : 1 any
-90 -126 129 145 296 : 1 any
-7 -992 928 42 -745 : 1 any
-511 -818 281 -608 -829 : 1 any
-904 -278 -379 -558 242 : 1 any
-725 -819 -443 846 384 : 1 any
157 51 -419 -51 -545 : 1 any
-764 233 -497 148 -534 : 1 any
-510 -790 463 403 -527 : 1 any
-317 189 178 549 -232 : 1 any
-765 849 609 96 108 : 1 any
209 538 -688 -37 -331 : 1 any
-99 247 668 559 110 : 1 any
720 64 -629 871 -7 : 1 any
949 522 -137 -536 251 : 1 any
-364 412 830 -901 -995 : 1 any
105 353 159 59 -997 : 1 any
686 433 642 933 -946 : 1 any
-614 745 808 -601 753 : 1 any
-975 733 -135 597 -41 : 1 any
-412 -611 318 -169 128 : 1 any
838 -494 -7 237 -944 : 1 any
-186 -159 46 916 760 : 1 any
184 -850 618 -416 -263 : 1 any
203 722 -696 73 450 : 1 any
645 124 -867 592 -307 : 1 any
137 968 -808 -328 -360 : 1 any
-603 -521 -774 163 718 : 1 any
168 810 -662 618 -963 : 1 any
-642 -220 269 341 441 : 1 any
562 659 20 -238 -691 : 1 any
795 225 189 -820 261 : 1 any
-334 38 -354 273 449 : 1 any
-459 220 58 2 -542 : 1 any
908 -619 -541 -411 271 : 1 any
113 -11 -659 -260 -343 : 1 any
425 -758 955 -739 243 : 1 any
-364 207 118 -847 -627 : 1 any
-822 284 -941 -100 995 : 1 any
-428 -758 859 846 -616 : 1 any