892 761 -614 -101 452 : 789 any
981 -862 688 -941 -746 : 789 any
-791 -210 930 628 748 : 789 any
-230 612 649 688 -328 : 789 any
546 417 -128 -652 -972 : 789 any
-500 -677 -491 296 -923 : 789 any
130 816 -674 52 -352 : 789 any
205 896 -905 210 -889 : 789 any
-67 -539 1 47 399 : 789 any
-106 -358 949 -140 689 : 789 any
653 -333 -737 462 -790 : 789 any
-453 -386 -253 -26 992 : 789 any
-692 -66 -636 625 581 : 789 any
-42 -766 924 795 253 : 789 any
-46 -388 -393 -442 -482 : 789 any
5 708 90 808 314 : 789 any
-683 -436 -307 -6 -946 : 789 any
906 -539 -387 672 -698 : 789 any
-304 -721 -256 206 337 : 789 any
284 -804 -820 637 -38 : 789 any
-128 -429 509 -175 -451 : 789 any
-60 -726 423 1000 466 : 789 any
-993 179 982 -355 -644 : 789 any
700 -793 824 -684 -808 : 789 any
304 382 582 177 48 : 789 any
351 -776 -350 -724 -476 : 789 any
-711 -12 -215 265 345 : 789 any
179 58 -540 800 -786 : 789 any
-914 -285 176 -315 682 : 789 any
-157 494 -804 940 443 : 789 any
669 289 -66 -185 -101 : 789 any
-729 91 -387 -465 82 : 789 any
-46 371 6 270 915 : 789 any
-600 949 969 567 -417 : 789 any
742 -694 -717 -93 -926 : 789 any
501 203 -712 -714 -443 : 789 any
-775 480 481 -394 389 : 789 any
763 -681 886 -818 977 : 789 any
-841 708 960 744 -728 : 789 any
-968 87 473 -211 540 : 789 any
641 -997 -600 863 -422 : 789 any
-789 -848 255 761 -593 : 789 any
778 -954 -66 426 270 : 789 any
-999 508 545 542 349 : 789 any
-703 -491 660 432 -894 : 789 any
816 242 712 -510 129 : 789 any
424 853 -751 240 -628 : 789 any
460 486 -504 736 697 : 789 any
-671 510 -713 705 -453 : 789 any
-410 342 -957 348 963 : 789 any