479 -975 384 -824 127 : -496
-234 8 -774 139 22 : -226
-342 -507 -249 -960 -493 : -849
-843 618 -658 579 -978 : -225
192 992 531 -229 592 : 1184
-825 562 -906 -729 114 : -263
841 812 -132 936 -774 : 1653
-270 -283 -2 288 160 : -553
-379 -917 496 875 -542 : -1296
414 217 418 -635 -58 : 631
-152 361 339 -859 -122 : 209
-72 -502 -767 -299 850 : -574
703 -485 -96 -760 -506 : 218
-768 -610 343 892 574 : -1378
475 672 145 783 284 : 1147
-297 -772 178 -125 185 : -1069
-8 -821 -226 -78 803 : -829
32 -219 -504 548 -767 : -187
-176 -268 -517 -246 592 : -444
-835 967 617 419 -805 : 132
83 63 -102 -902 -86 : 146
764 94 -943 -273 90 : 858
-55 938 -26 -333 745 : 883
-682 460 953 -240 -616 : -222
-840 -518 415 -632 -176 : -1358
730 -509 690 -563 -627 : 221
-940 451 897 487 -543 : -489
-928 649 627 335 376 : -279
-855 -270 -397 628 772 : -1125
-86 263 -420 -146 -219 : 177
-321 -739 -682 69 -765 : -1060
926 -900 196 -139 -809 : 26
-305 413 -646 -172 295 : 108
865 -418 -852 58 -491 : 447
27 925 562 -62 751 : 952
745 -35 -404 -971 -765 : 710
7 17 465 -162 -52 : 24
-119 954 959 -760 -172 : 835
646 -352 146 -148 -709 : 294
895 -16 586 485 -14 : 879
648 -433 993 -796 -684 : 215
775 -637 941 918 168 : 138
-579 49 979 -423 527 : -530
750 334 -640 -433 936 : 1084
-915 -643 -717 -113 744 : -1558
-544 -681 -902 755 -899 : -1225
-473 747 -230 -302 -671 : 274
-770 -430 2 223 354 : -1200
-212 -787 -869 -690 552 : -999
158 463 7 805 -97 : 621