-102 820 352 876 -676 : 31415 any
450 -821 -278 231 185 : 31415 any
437 -440 684 -758 -253 : 31415 any
118 419 316 -463 42 : 31415 any
278 498 -125 -799 917 : 31415 any
-964 -290 -89 -565 -424 : 31415 any
621 -5 -551 599 -253 : 31415 any
-545 518 917 846 457 : 31415 any
-127 -393 518 -967 220 : 31415 any
132 -369 936 193 167 : 31415 any
-26 989 336 -321 315 : 31415 any
-536 132 -797 932 -772 : 31415 any
-669 151 7 -881 -847 : 31415 any
293 44 -624 831 -331 : 31415 any
-632 -992 -516 -935 -247 : 31415 any
-789 627 352 -153 836 : 31415 any
849 948 459 -286 414 : 31415 any
-705 188 -116 -623 -590 : 31415 any
-868 217 -602 457 -100 : 31415 any
398 531 -324 471 -158 : 31415 any
717 -123 171 -713 9 : 31415 any
71 -659 -523 -165 -489 : 31415 any
-313 -434 -982 -521 -908 : 31415 any
-247 -603 -129 474 -475 : 31415 any
-987 56 -498 -475 -470 : 31415 any
464 -495 519 -750 441 : 31415 any
787 -285 -284 29 -764 : 31415 any
-19 -394 -163 663 17 : 31415 any
-702 -863 441 -559 -696 : 31415 any
997 -161 -59 -840 -872 : 31415 any
557 435 995 881 632 : 31415 any
-136 119 -997 689 195 : 31415 any
-539 -325 -900 374 2 : 31415 any
-164 -587 315 714 409 : 31415 any
203 -5 26 -326 104 : 31415 any
664 31 -535 -124 -701 : 31415 any
54 202 -988 -505 573 : 31415 any
-315 589 521 472 -810 : 31415 any
745 469 -273 743 -999 : 31415 any
622 587 -262 986 -336 : 31415 any
256 374 115 325 -473 : 31415 any
118 -187 -121 412 381 : 31415 any
481 -878 -764 628 685 : 31415 any
25 237 159 -974 -68 : 31415 any
150 -763 193 -29 1000 : 31415 any
366 848 316 258 -36 : 31415 any
74 -77 212 -669 -201 : 31415 any
-318 -546 272 -183 209 : 31415 any
678 -152 733 -936 78 : 31415 any
-147 25 489 -305 -479 : 31415 any
​