3 -8 -1 7 2 : -5
-6 -9 6 -8 2 : -15
8 0 2 2 4 : 8
-6 -9 3 -7 -6 : -15
-4 2 -4 0 1 : -2
7 6 -4 -4 0 : 13
0 -4 9 -5 -4 : -4
9 -6 -1 -7 -8 : 3
-5 8 -6 3 4 : 3
4 -7 1 -9 6 : -3
-9 5 0 -2 5 : -4
-9 3 1 -1 -5 : -6
-3 2 6 7 -2 : -1
-4 -1 -1 7 1 : -5
1 6 -5 2 3 : 7
3 -2 0 7 0 : 1
-8 5 -4 2 3 : -3
-4 8 -7 -4 -4 : 4
-1 -7 4 -5 6 : -8
-7 6 9 -5 4 : -1
-4 4 6 0 -5 : 0
-8 -2 -6 -9 5 : -10
7 2 -3 3 5 : 9
-3 7 0 7 2 : 4
5 -2 0 -1 2 : 3
6 -5 8 9 -6 : 1
9 4 -4 -9 -6 : 13
2 -3 3 -8 -3 : -1
4 -8 6 -3 -8 : -4
9 2 -9 -8 -8 : 11
-1 6 -2 -1 -4 : 5
7 8 -1 -6 0 : 15
7 -8 -8 0 7 : -1
-7 1 -1 5 5 : -6
-7 4 8 -5 -1 : -3
-4 -7 6 2 7 : -11
-3 -1 -2 9 7 : -4
3 -9 3 -5 -7 : -6
7 -6 -4 6 -2 : 1
7 2 7 -8 -5 : 9
0 -7 6 0 -7 : -7
-2 -1 0 1 4 : -3
-4 0 0 -7 1 : -4
5 4 -5 -6 -6 : 9
-5 -6 0 -3 1 : -11
-7 -4 -7 -9 -6 : -11
4 7 5 -7 9 : 11
7 -8 -7 4 -4 : -1
-7 -5 7 4 -8 : -12
-3 6 3 -5 5 : 3
