6 -98 -95 : 6 0 0
5 -91 -42 : 5 0 0
-88 20 -57 : 0 20 0
38 24 -79 : 38 24 0
-21 -94 59 : 0 0 59
-71 -97 -31 : 0 0 0
86 52 56 : 86 52 56
7 43 78 : 7 43 78
92 96 49 : 92 96 49
53 88 58 : 53 88 58
82 -16 -28 : 82 0 0
37 -26 -96 : 37 0 0
-73 -67 75 : 0 0 75
-30 62 36 : 0 62 36
93 -40 -93 : 93 0 0
-12 -58 65 : 0 0 65
10 75 -73 : 10 75 0
16 7 -71 : 16 7 0
-12 -70 -77 : 0 0 0
6 46 85 : 6 46 85
33 -54 -53 : 33 0 0
-81 21 34 : 0 21 34
-93 -67 21 : 0 0 21
25 -84 24 : 25 0 24
35 70 -33 : 35 70 0
-45 84 77 : 0 84 77
76 -74 -58 : 76 0 0
35 -38 10 : 35 0 10
91 -94 -29 : 91 0 0
76 -12 -79 : 76 0 0
25 31 -62 : 25 31 0
-52 -84 91 : 0 0 91
-37 20 44 : 0 20 44
42 -14 -5 : 42 0 0
-41 -51 40 : 0 0 40
19 -54 60 : 19 0 60
83 -48 -9 : 83 0 0
-95 -60 4 : 0 0 4
-22 85 -74 : 0 85 0
-60 53 1 : 0 53 1
-84 19 -2 : 0 19 0
-81 -55 -73 : 0 0 0
-19 -7 62 : 0 0 62
-19 58 57 : 0 58 57
-15 26 75 : 0 26 75
38 68 -70 : 38 68 0
-86 -30 73 : 0 0 73
-75 -9 -10 : 0 0 0
-70 -50 -18 : 0 0 0
-28 -69 65 : 0 0 65