5 : 1 4 9 16 25
4 : 1 4 9 16
3 : 1 4 9
5 : 1 4 9 16 25
1 : 1
3 : 1 4 9
4 : 1 4 9 16
5 : 1 4 9 16 25
1 : 1
1 : 1
3 : 1 4 9
2 : 1 4
5 : 1 4 9 16 25
4 : 1 4 9 16
1 : 1
4 : 1 4 9 16
5 : 1 4 9 16 25
5 : 1 4 9 16 25
4 : 1 4 9 16
3 : 1 4 9
2 : 1 4
1 : 1
4 : 1 4 9 16
2 : 1 4
3 : 1 4 9
2 : 1 4
3 : 1 4 9
4 : 1 4 9 16
4 : 1 4 9 16
5 : 1 4 9 16 25
2 : 1 4
2 : 1 4
1 : 1
4 : 1 4 9 16
4 : 1 4 9 16
1 : 1
3 : 1 4 9
1 : 1
1 : 1
4 : 1 4 9 16
1 : 1
1 : 1
5 : 1 4 9 16 25
5 : 1 4 9 16 25
4 : 1 4 9 16
1 : 1
4 : 1 4 9 16
3 : 1 4 9
4 : 1 4 9 16
3 : 1 4 9