-9347 7716.52 : -1630.48
9635 8124.6 : 17759.6
-1529 -8731.86 : -10260.86
-5790 -5388.86 : -11178.86
9153 -3096.23 : 6056.77
8081 1491.73 : 9572.73
5154 5640.64 : 10794.64
382 9641.82 : 10023.82
-4769 6755.0 : 1986.0
9200 -3681.83 : 5518.17
-6107 132.57 : -5974.43
2831 9801.17 : 12632.17
2176 -9871.84 : -7695.84
240 -7971.97 : -7731.97
7366 8430.68 : 15796.68
1188 -6186.33 : -4998.33
-918 1660.84 : 742.84
8248 -4211.73 : 4036.27
4011 5401.81 : 9412.81
-6373 1095.84 : -5277.16
4849 8541.15 : 13390.15
6673 515.58 : 7188.58
-3915 -1195.89 : -5110.89
-5489 8215.54 : 2726.54
-3885 6795.59 : 2910.59
1665 -3775.65 : -2110.65
-4142 4465.16 : 323.16
-8752 -8266.45 : -17018.45
8411 2352.21 : 10763.21
5961 -9868.67 : -3907.67
-9468 -4977.68 : -14445.68
3362 -9953.04 : -6591.04
1218 -8170.58 : -6952.58
-7968 -6219.34 : -14187.34
-5530 2699.91 : -2830.09
-4490 1826.93 : -2663.07
-8404 -4976.34 : -13380.34
-5760 4158.78 : -1601.22
5238 -4537.43 : 700.57
-6307 -8475.34 : -14782.34
3601 -9746.76 : -6145.76
-3234 -3400.41 : -6634.41
-3394 -6672.09 : -10066.09
-5419 2560.25 : -2858.75
-2248 -6265.16 : -8513.16
-5273 482.89 : -4790.11
3631 -7826.56 : -4195.56
1738 6851.58 : 8589.58
-6673 4074.21 : -2598.79
-6980 7021.05 : 41.05