10 57 8 : 10 18 26 34 42 50
12 32 8 : 12 20 28
32 72 5 : 32 37 42 47 52 57 62 67
34 56 7 : 34 41 48 55
7 47 3 : 7 10 13 16 19 22 25 28 31 34 37 40 43 46
19 47 6 : 19 25 31 37 43
22 39 2 : 22 24 26 28 30 32 34 36 38
33 77 2 : 33 35 37 39 41 43 45 47 49 51 53 55 57 59 61 63 65 67 69 71 73 75
4 42 4 : 4 8 12 16 20 24 28 32 36 40
27 35 3 : 27 30 33
48 94 2 : 48 50 52 54 56 58 60 62 64 66 68 70 72 74 76 78 80 82 84 86 88 90 92
36 50 6 : 36 42 48
13 42 10 : 13 23 33
3 16 8 : 3 11
13 40 10 : 13 23 33
5 45 1 : 5 6 7 8 9 10 11 12 13 14 15 16 17 18 19 20 21 22 23 24 25 26 27 28 29 30 31 32 33 34 35 36 37 38 39 40 41 42 43 44
33 54 2 : 33 35 37 39 41 43 45 47 49 51 53
41 42 9 : 41
32 80 7 : 32 39 46 53 60 67 74
22 54 7 : 22 29 36 43 50
12 25 1 : 12 13 14 15 16 17 18 19 20 21 22 23 24
36 48 3 : 36 39 42 45
3 33 8 : 3 11 19 27
28 74 3 : 28 31 34 37 40 43 46 49 52 55 58 61 64 67 70 73
45 81 10 : 45 55 65 75
49 57 9 : 49
22 51 1 : 22 23 24 25 26 27 28 29 30 31 32 33 34 35 36 37 38 39 40 41 42 43 44 45 46 47 48 49 50
36 64 8 : 36 44 52 60
4 11 6 : 4 10
39 87 9 : 39 48 57 66 75 84
12 35 4 : 12 16 20 24 28 32
41 51 6 : 41 47
25 27 10 : 25
23 71 4 : 23 27 31 35 39 43 47 51 55 59 63 67
38 81 4 : 38 42 46 50 54 58 62 66 70 74 78
27 63 4 : 27 31 35 39 43 47 51 55 59
42 70 10 : 42 52 62
1 19 2 : 1 3 5 7 9 11 13 15 17
41 78 5 : 41 46 51 56 61 66 71 76
36 70 8 : 36 44 52 60 68
43 63 8 : 43 51 59
5 13 2 : 5 7 9 11
14 51 6 : 14 20 26 32 38 44 50
41 50 5 : 41 46
36 60 4 : 36 40 44 48 52 56
14 38 1 : 14 15 16 17 18 19 20 21 22 23 24 25 26 27 28 29 30 31 32 33 34 35 36 37
35 48 10 : 35 45
29 41 4 : 29 33 37
35 66 5 : 35 40 45 50 55 60 65
24 52 8 : 24 32 40 48