-121 828 964 30 653 : 1
232 -898 -482 -514 771 : 1
392 332 -818 -411 700 : 1
-530 863 101 729 -971 : 1
42 361 -16 318 -443 : 1
145 -798 -83 379 -501 : 1
963 36 -305 428 367 : 1
-61 -118 5 0 426 : 1
-427 442 -938 -519 32 : 1
481 705 -129 87 -501 : 1
-32 462 105 -143 45 : 1
826 -713 -592 872 106 : 1
211 702 -718 766 -31 : 1
567 -759 994 558 -456 : 1
-987 -249 572 -414 477 : 1
-853 -264 -29 979 -331 : 1
-357 -509 31 -419 -666 : 1
214 -97 -520 114 -794 : 1
-793 -956 463 616 323 : 1
-967 -274 506 693 -113 : 1
-228 -351 734 966 127 : 1
504 -740 -516 909 -184 : 1
881 -162 -25 410 -301 : 1
996 -24 520 -140 -993 : 1
-128 358 -67 478 33 : 1
955 -411 -94 364 100 : 1
370 -473 -387 108 326 : 1
-977 -939 -323 -972 -678 : 1
92 -581 308 906 -958 : 1
-603 426 -476 105 -832 : 1
-718 -942 923 872 -825 : 1
-563 -320 220 506 -462 : 1
-88 65 554 634 241 : 1
335 -876 -273 -215 168 : 1
267 521 -204 580 834 : 1
-542 -483 -797 -861 -699 : 1
632 178 359 949 -198 : 1
-830 330 234 -86 -249 : 1
302 49 -848 607 -12 : 1
246 386 282 -108 -760 : 1
-552 385 829 -503 -535 : 1
403 968 -172 -981 -176 : 1
-89 -218 -571 974 -156 : 1
-954 488 -193 893 -775 : 1
-139 235 -28 842 672 : 1
929 209 -550 365 760 : 1
-87 -56 945 446 881 : 1
866 30 21 -174 -557 : 1
27 -126 -199 -171 599 : 1
-404 337 646 523 584 : 1