1 2 6 8 1 : 3
0 0 4 0 9 : 0
9 3 6 9 0 : 12
7 8 3 3 9 : 15
6 5 2 6 0 : 11
3 0 2 8 2 : 3
3 7 9 9 1 : 10
4 7 7 2 3 : 11
3 8 7 7 8 : 11
6 5 1 7 5 : 11
1 5 6 6 9 : 6
3 6 8 5 2 : 9
2 3 3 1 9 : 5
7 5 6 3 1 : 12
9 9 2 0 2 : 18
6 7 6 9 6 : 13
6 3 8 8 1 : 9
1 6 0 3 5 : 7
0 7 9 9 7 : 7
7 5 0 5 1 : 12
6 2 1 4 8 : 8
9 8 7 8 5 : 17
2 9 4 0 5 : 11
0 7 1 9 4 : 7
7 1 6 3 7 : 8
5 3 9 6 9 : 8
1 3 2 0 6 : 4
4 7 3 1 4 : 11
2 0 9 6 8 : 2
9 5 4 4 1 : 14
4 4 8 3 0 : 8
6 0 3 1 6 : 6
8 7 4 5 5 : 15
2 9 1 7 7 : 11
8 1 6 8 0 : 9
5 6 1 6 0 : 11
9 4 9 2 0 : 13
4 3 7 2 6 : 7
6 8 6 3 7 : 14
4 7 2 9 1 : 11
1 2 7 4 2 : 3
2 3 1 2 6 : 5
0 3 1 6 4 : 3
1 7 9 8 1 : 8
4 7 9 8 6 : 11
4 6 2 9 3 : 10
5 9 1 9 8 : 14
3 3 5 8 1 : 6
6 8 7 6 0 : 14
2 8 6 6 3 : 10