-953 427 309 -159 -437 : 789
851 -207 119 919 -865 : 789
198 141 -432 -655 -62 : 789
981 -301 -66 316 209 : 789
-553 -595 515 183 49 : 789
755 985 633 -666 311 : 789
-930 -353 -539 -911 649 : 789
218 135 -324 -541 426 : 789
789 197 -540 -769 -605 : 789
863 -61 -671 -775 -42 : 789
-460 752 514 613 336 : 789
-204 724 -365 -266 -746 : 789
-523 89 -360 -318 310 : 789
842 323 395 -41 701 : 789
-479 -880 320 -484 -312 : 789
-329 902 -32 -933 -471 : 789
-383 -211 435 638 289 : 789
-866 869 -448 -707 -911 : 789
-935 -493 339 189 -326 : 789
-885 837 126 584 783 : 789
385 -352 -862 299 660 : 789
-739 -112 -803 -575 -802 : 789
-176 588 650 624 -218 : 789
896 524 442 675 108 : 789
66 -331 -516 450 -112 : 789
642 394 721 394 -952 : 789
635 -928 -762 325 -694 : 789
-858 -829 530 -345 635 : 789
-233 -536 -673 -260 -514 : 789
917 -98 -43 212 29 : 789
-140 -110 13 576 962 : 789
-193 -42 47 -368 -104 : 789
699 -522 -989 885 -204 : 789
514 -608 461 -596 -299 : 789
646 -872 243 -915 -681 : 789
375 901 715 110 -194 : 789
281 147 -375 -184 441 : 789
-176 -322 997 -836 -410 : 789
-829 -56 403 43 291 : 789
-658 -162 -17 768 -210 : 789
924 -488 -102 -693 993 : 789
-726 -416 -644 130 -109 : 789
-738 731 -663 525 301 : 789
-945 -950 -153 -637 -951 : 789
520 770 -906 254 -583 : 789
421 -436 745 -94 -228 : 789
994 -429 646 305 -475 : 789
-908 877 886 -45 58 : 789
504 985 513 -842 -416 : 789
606 104 373 -428 458 : 789