-456 -501 -245 -925 -715 : 1
-231 891 488 851 -895 : 1
-12 219 -644 -297 -498 : 1
-527 -12 752 -596 -742 : 1
-733 714 789 692 123 : 1
445 711 -346 98 218 : 1
206 -993 -700 -423 318 : 1
209 641 -853 -470 -807 : 1
356 -254 417 340 911 : 1
-829 922 -251 -380 -346 : 1
190 27 -125 -372 107 : 1
44 -427 -552 504 -378 : 1
301 -827 962 398 -894 : 1
698 -768 358 -906 282 : 1
-923 -623 -306 -876 -450 : 1
730 -885 -443 -605 784 : 1
-52 -50 377 -98 -97 : 1
849 -908 -910 913 -887 : 1
-513 746 516 -456 -18 : 1
-362 -10 -327 -379 988 : 1
693 -689 -792 665 -603 : 1
832 461 531 -731 -334 : 1
450 -161 50 643 367 : 1
589 630 10 -800 -748 : 1
-426 589 -418 -856 275 : 1
-59 -787 -906 -371 468 : 1
637 -926 23 138 -311 : 1
172 -641 -187 -75 -640 : 1
-529 877 -902 0 855 : 1
-923 -838 760 647 -78 : 1
57 503 880 672 -951 : 1
-579 961 567 -340 -877 : 1
-68 -375 -821 481 -129 : 1
968 334 -998 998 413 : 1
-345 -207 212 -500 -892 : 1
-762 -325 506 770 989 : 1
799 -456 590 453 867 : 1
279 864 845 -685 355 : 1
-534 658 -669 -278 -132 : 1
-341 -599 -221 -198 82 : 1
557 -225 146 -128 -547 : 1
-350 960 282 -403 976 : 1
445 331 675 -577 544 : 1
580 159 -365 -517 889 : 1
-927 -530 -127 380 -998 : 1
-935 173 -595 -897 -900 : 1
577 -739 634 489 88 : 1
-320 -373 -815 -156 171 : 1
273 919 743 -442 172 : 1
-133 -900 704 459 243 : 1