-7653 -3949 : -3949
6010 -8254 : 6010
-4005 2639 : 2639
8701 5439 : 8701 
-4349 -2548 : -2548
9150 1840 : 9150
-2300 3395 : 3395
-3927 -3111 : -3111
1612 -3292 : 1612
3468 -1443 : 3468
1789 1208 : 1789
3116 -7511 : 3116
1733 7903 : 7903
-7874 -6579 : -6579
-2640 4298 : 4298
-6483 -563 : -563
7858 5485 : 7858
-6313 3522 : 3522
-1810 -6089 : -1810
-5394 -758 : -758
6808 -5674 : 6808
1778 9630 : 9630
-8880 4351 : 4351
8125 3510 : 8125
-6985 7636 : 7636
9942 -7772 : 9942
8803 -1612 : 8803
-8466 2420 : 2420
-8164 283 : 283
-9552 -4663 : -4663
-7140 4706 : 4706
2206 -610 : 2206
6629 -4068 : 6629
-3122 -3915 : -3122
2050 367 : 2050
4952 -6778 : 4952
3212 9746 : 9746
4016 9509 : 9509
5260 -3693 : 5260
-9219 -5607 : -5607
-8765 1913 : 1913
-6740 8075 : 8075
-2995 3368 : 3368
-2985 -6284 : -2985
7169 5071 : 7169
3927 -9930 : 3927
-3234 482 : 482
-9247 -2295 : -2295
-9763 7631 : 7631
1017 -6739 : 1017