54 -24 69 40 -73 -64 -42 -93 99 -81 : 54
45 14 48 -87 18 -10 4 20 68 32 : 45
-29 -36 -43 69 2 57 -72 74 33 90 : -29
-79 -26 41 38 59 19 26 -39 57 56 : 15
-32 9 46 -14 29 60 -82 -91 39 20 : -2
31 -90 26 90 -43 59 -85 23 22 -26 : 31
88 95 11 98 -28 -19 42 24 21 -83 : 25
-77 -40 61 59 94 -3 -70 -92 -24 36 : -6
-97 -91 65 -36 52 -63 -91 54 89 74 : -4
-9 66 -87 -28 -10 36 -65 -74 7 12 : -15
-62 -93 57 -85 -15 -67 45 -95 61 -35 : -62
86 -76 -10 42 -96 94 -79 6 67 13 : 86
-72 -77 -36 -6 -72 -11 -82 87 -23 -68 : -72
-90 -95 31 -89 11 -85 61 -12 66 -69 : -90
79 -11 -41 64 -83 -54 -55 -96 -16 -9 : 79
-72 55 15 -53 -81 26 30 86 -63 42 : -2
62 -11 -78 -84 13 -31 77 -86 67 -50 : 62
-34 -54 -41 -44 -92 14 -78 -43 94 -69 : -34
-9 68 87 -7 70 -68 -21 88 13 76 : 30
-48 -41 61 2 66 -78 96 -57 12 19 : 3
68 98 73 -68 -50 -32 41 84 -2 70 : 28
-4 -46 -9 10 -38 -75 86 -61 40 61 : -4
-12 55 33 -17 77 -38 -2 -87 -16 -48 : -6
40 7 47 39 -86 52 55 92 21 47 : 40
85 -19 -63 -42 -93 38 -65 31 -25 8 : 85
74 62 86 28 -51 -21 60 27 -68 -26 : 74
44 -41 -93 -64 -6 -79 -56 -64 29 -28 : 44
88 -35 -99 89 58 84 59 56 56 6 : 88
-17 -47 -6 86 -58 -2 -47 -25 46 -49 : -17
40 38 -64 86 -90 -61 -89 38 -6 55 : 40
-88 16 -57 -50 89 -82 -89 10 20 61 : -17
93 7 24 16 75 -19 83 95 -67 3 : 93
4 51 31 -49 -86 -13 -90 -84 83 -41 : -19
73 -68 -72 68 -87 -86 83 46 45 -41 : 73
-35 -22 69 -43 -56 29 41 -25 49 14 : 2
30 -15 62 -52 11 18 -69 -17 -33 34 : 30
8 -24 -12 43 40 82 39 11 -88 80 : 8
57 -55 95 46 -36 84 -85 -98 -73 22 : 57
-96 -4 27 -11 2 -20 75 59 -45 -46 : -6
39 54 -39 3 91 81 89 -51 65 13 : 34
40 -13 -29 11 53 67 26 75 -79 -23 : 40
-44 33 40 50 -71 69 72 -59 66 95 : 25
-34 -12 79 88 -66 -43 18 -23 5 -52 : -4
94 98 -16 77 82 -77 29 -53 69 13 : 32
20 -18 -78 43 -55 -96 77 46 -69 -7 : 20
-39 -77 97 -21 -41 7 -8 -93 55 -26 : -39
53 28 24 -20 69 26 -72 -69 -94 -52 : 53
-14 99 -90 71 -50 60 57 26 -25 46 : 18
-71 -48 27 85 -69 23 -30 19 -44 -15 : -12
-63 -11 80 -70 61 47 36 23 6 -82 : 3