-697 115 196 620 -152 : -812
-278 -80 642 -779 -183 : -198
556 -5 939 27 -563 : 561
676 442 203 306 -26 : 234
157 562 417 -583 -860 : -405
-734 178 -239 506 -20 : -912
372 106 -681 -510 -95 : 266
878 -869 99 689 -121 : 1747
562 73 -710 -289 -707 : 489
515 -733 486 459 -120 : 1248
46 944 -304 -650 -99 : -898
-107 971 703 509 -121 : -1078
66 -327 -981 183 453 : 393
-737 754 -673 710 -392 : -1491
538 -809 282 -592 121 : 1347
764 927 975 -570 273 : -163
-239 -717 813 204 -409 : 478
-433 385 -476 997 -321 : -818
16 -705 -506 -23 -42 : 721
618 -862 402 -516 75 : 1480
-520 364 -552 241 917 : -884
-89 -105 -532 814 -73 : 16
-364 -48 539 199 526 : -316
625 725 -455 -563 -35 : -100
-585 -493 605 622 -234 : -92
581 -326 827 69 -261 : 907
-777 -230 972 -808 -282 : -547
-845 575 -265 507 -648 : -1420
-740 -136 614 359 810 : -604
941 -567 -408 20 -703 : 1508
-903 -251 -758 871 -528 : -652
710 42 -694 316 110 : 668
280 -202 339 789 102 : 482
547 492 -217 -626 -922 : 55
227 -906 -854 -558 375 : 1133
-509 347 629 668 302 : -856
272 -138 607 268 -522 : 410
649 -819 247 -633 -908 : 1468
649 220 248 -814 353 : 429
434 -300 -681 308 -384 : 734
-757 881 -202 -300 -599 : -1638
719 840 -116 82 780 : -121
340 -266 -271 -348 893 : 606
213 -8 -722 -327 -424 : 221
-481 254 -812 712 301 : -735
765 42 748 -193 -987 : 723
299 941 286 386 506 : -642
20 933 129 -942 687 : -913
-651 607 -132 -215 467 : -1258
387 637 -650 812 -568 : -250