-762 -391 -669 -273 -771 : -391
523 -481 953 -498 -842 : 523
825 -872 858 79 -885 : 825
-430 404 -971 -305 -827 : 404
275 -48 -396 619 576 : 275
818 -12 28 -148 -947 : 818
200 -391 901 -591 -366 : 200
197 -308 -415 -206 235 : 197
-379 698 -826 -793 497 : 698
419 -883 317 -674 -445 : 419
-605 1 807 -116 -589 : 1
69 -224 881 -833 612 : 69
-430 -960 42 406 -866 : -430
-299 593 -355 403 464 : 593
-485 -405 -987 -175 -933 : -405
-18 -64 -194 66 -743 : -18
796 -139 -136 -411 -319 : 796
542 -115 -549 -123 -935 : 542
-427 -132 639 37 -514 : -132
48 485 562 -93 967 : 485
-24 666 -319 723 434 : 666
-487 -69 -185 -339 -168 : -69
-548 603 159 897 -379 : 603
-562 765 -158 380 408 : 765
679 912 -909 787 38 : 912
865 997 379 93 -324 : 997
553 148 996 656 -770 : 553
869 645 -57 -569 -28 : 869
534 -763 569 761 583 : 534
-290 -393 848 941 679 : -290
-368 -306 -267 45 -606 : -306
-327 -689 434 314 -117 : -327
-749 705 752 174 931 : 705
-768 -185 600 -318 -891 : -185
302 -353 449 190 755 : 302
168 -780 -267 -708 -137 : 168
47 -597 -202 -282 986 : 47
151 -561 458 678 3 : 151
-29 386 -230 871 956 : 386
577 -97 -920 -578 344 : 577
23 841 485 -695 -41 : 841
421 -64 142 301 230 : 421
612 943 -580 965 390 : 943
685 780 -562 748 749 : 780
-864 -744 -453 564 247 : -744
360 -308 651 539 -863 : 360
113 -158 -534 -282 -423 : 113
-28 799 -115 -838 184 : 799
-589 338 952 769 689 : 338
-600 602 350 -791 610 : 602