-980 -448 989 128 -331 : 439040
-355 -907 52 9 288 : 321985
630 744 407 -957 -869 : 468720
-162 660 835 431 469 : -106920
967 941 -468 175 656 : 909947
500 322 639 194 316 : 161000
81 394 436 860 958 : 31914
378 -872 -294 -677 800 : -329616
326 -597 175 258 799 : -194622
-513 581 -608 480 339 : -298053
816 419 589 -661 898 : 341904
-884 989 583 -681 -60 : -874276
408 623 -1000 -513 56 : 254184
800 749 72 -224 -146 : 599200
-201 -324 -146 490 -384 : 65124
350 651 -123 79 -942 : 227850
416 -851 411 -941 768 : -354016
-677 -120 -880 40 -452 : 81240
172 -415 -641 27 584 : -71380
562 -437 -588 -761 461 : -245594
-498 -783 910 46 -93 : 389934
979 -306 -28 -89 277 : -299574
-331 301 -478 696 -561 : -99631
726 623 -294 427 -502 : 452298
-242 -167 -63 66 37 : 40414
-827 104 -824 588 157 : -86008
705 -673 -104 -800 652 : -474465
-380 655 137 -700 -359 : -248900
-752 -122 -393 -94 811 : 91744
-541 -165 -726 -220 -853 : 89265
-668 90 934 -753 -551 : -60120
-310 72 940 -437 -138 : -22320
836 -310 -71 -61 -166 : -259160
-45 642 184 -484 454 : -28890
-379 -850 407 -693 -747 : 322150
-229 223 640 837 786 : -51067
478 33 -305 -66 -476 : 15774
398 761 -575 -680 145 : 302878
880 -632 432 -122 540 : -556160
170 317 559 161 -813 : 53890
-972 -133 -584 876 753 : 129276
-531 -692 797 632 658 : 367452
739 895 -507 -733 821 : 661405
-61 449 -704 600 476 : -27389
-605 -775 -602 266 940 : 468875
-215 650 96 858 -891 : -139750
-269 -588 -253 512 496 : 158172
152 991 -40 915 -845 : 150632
-660 392 -920 -393 532 : -258720
912 -869 955 886 -388 : -792528