51 -1 23 29 -33 -57 39 90 95 60 : 29
-40 -91 -84 40 -11 -77 -41 -60 68 -1 : -30
-65 -48 -53 -27 49 92 27 -60 -86 85 : -9
-24 66 -95 -62 90 -68 44 -84 -48 30 : -16
-33 19 25 42 69 -20 -63 -24 78 85 : 17
-91 -88 0 38 77 -84 15 57 95 -99 : -8
62 -50 74 2 -71 5 43 58 59 24 : 20
-86 -36 33 -69 -74 60 -1 24 -27 -91 : -27
-14 -1 96 -62 -82 -71 -60 37 43 -41 : -16
23 -49 46 -72 -51 7 -45 60 19 85 : 2
-53 60 -79 12 59 -22 39 65 77 -20 : 13
-41 91 10 83 68 61 -14 4 61 -49 : 27
-24 62 -46 -51 -19 -61 87 -36 -40 20 : -11
-91 8 -41 -45 -36 42 27 -5 -81 84 : -14
-56 -92 52 42 30 82 36 -24 71 66 : 20
64 60 -63 -47 5 -42 91 78 -88 20 : 7
35 1 -76 70 0 -82 5 -78 58 93 : 2
-44 80 48 -49 -34 -90 71 98 -71 74 : 8
-54 99 5 -32 2 -38 -48 -63 19 -67 : -18
0 -86 83 75 60 95 51 -21 21 -57 : 22
-93 66 25 34 54 -72 88 -38 -17 59 : 10
61 56 99 4 -56 72 37 -77 79 92 : 36
-76 -43 64 27 -16 90 -69 72 -5 58 : 10
-61 64 -22 -40 40 7 -63 -14 87 93 : 9
-47 24 -14 49 -71 82 20 48 51 -28 : 11
-11 -17 -18 -86 89 -47 20 12 75 -78 : -7
-52 77 74 66 -77 19 -99 -57 75 -19 : 0
4 -63 32 -83 -5 47 -52 4 12 58 : -5
59 -65 74 -88 -97 0 91 99 14 20 : 10
-52 93 -13 4 12 -44 -5 33 -6 5 : 2
-64 48 61 -75 26 -41 -9 19 -60 -54 : -15
43 24 -48 29 85 -15 82 -90 3 -67 : 4
74 -79 -15 -50 -17 -80 -57 -45 -12 93 : -19
-92 2 -22 70 57 -50 -73 23 67 -18 : -4
53 80 -92 91 78 66 -71 -44 -1 51 : 21
4 84 39 -76 -4 34 -63 30 96 75 : 21
44 20 -56 58 76 -69 -81 68 -64 44 : 4
-81 -94 21 -59 -9 -32 -30 -33 35 -51 : -34
-93 -93 -78 47 -25 91 7 -11 -67 82 : -14
13 61 59 -46 -64 -98 93 -95 -95 86 : -9
28 4 44 -55 -3 17 68 78 -37 -24 : 12
-14 43 -30 18 -46 -26 46 32 -95 91 : 1
54 -6 -42 -8 46 98 -73 -4 87 18 : 17
22 -22 -57 -20 53 -48 -93 -55 37 -33 : -22
-26 -88 -28 -2 -33 30 -91 36 -48 12 : -24
99 68 76 -72 -68 -10 -50 23 70 -23 : 11
-40 -60 0 54 -81 -17 9 -89 23 -71 : -28
-17 73 -98 -25 -26 -98 -28 -11 -74 -21 : -33
95 -2 -35 -67 92 -15 -18 -39 28 60 : 9
-15 -10 11 -84 20 42 -45 27 -45 46 : -6